AAB98046	YMR217W	7.0		28.571	27.3	258	332	480	226	302	525
AAB98156	YMR217W	6.6		32.075	27.7	8	56	573	289	341	525
AAB98183	YMR217W	0.82		29.630	25.4	39	65	65	152	178	525
AAB98224	YMR217W	4.52e-12	31.613	62.0	46	193	197	53	193	525
AAB98414	YMR217W	4.7		29.231	27.7	8	70	395	229	292	525
AAB98496	YMR217W	0.011		25.926	34.3	65	195	198	76	193	525
AAB98586	YMR217W	0.30		34.066	30.4	21	108	240	248	330	525
AAB98978	YMR217W	0.35		24.528	31.2	145	248	411	205	293	525
AAB99021	YMR217W	2.30e-04	25.281	41.2	173	332	354	15	178	525
AAB99029	YMR217W	4.4		25.333	27.7	96	162	388	136	210	525
AAB99133	YMR217W	2.27e-96	49.062	292	5	310	310	206	525	525
AAB99356	YMR217W	0.069		37.288	32.3	7	64	235	227	285	525
AAB99363	YMR217W	0.004		24.378	36.6	11	192	259	213	405	525
AAB99597	YMR217W	8.90e-36	40.761	129	2	180	188	14	193	525
AAB99602	YMR217W	3.0		28.302	27.3	182	234	249	271	323	525
AAB99626	YMR217W	0.97		29.231	28.9	55	118	277	221	285	525
YDR182W-A	YMR217W	5.3		42.105	23.1	41	59	67	373	391	525
YJL130C	YMR217W	0.020		23.034	38.1	229	390	2214	14	180	525
YKL211C	YMR217W	8.24e-08	25.503	52.8	56	197	484	54	192	525
YKR076W	YMR217W	4.8		22.613	27.3	111	277	370	120	311	525
YLR126C	YMR217W	1.04e-07	32.110	50.4	107	213	251	84	191	525
YMR217W	AAB99133	3.84e-96	49.062	292	206	525	525	5	310	310
YMR217W	AAB99597	2.48e-35	40.761	129	14	193	525	2	180	188
YMR217W	AAB98224	1.21e-11	31.613	62.0	53	193	525	46	193	197
YMR217W	YKL211C	8.93e-08	25.503	52.8	54	192	525	56	197	484
YMR217W	YLR126C	2.17e-07	32.110	50.4	84	191	525	107	213	251
YMR217W	YNR033W	2.00e-06	31.356	48.5	83	192	525	106	223	787
YMR217W	YOR303W	1.46e-04	23.810	42.4	27	179	525	197	352	411
YMR217W	AAB99021	3.41e-04	25.281	41.2	15	178	525	173	332	354
YMR217W	YJL130C	0.005		23.034	38.1	14	180	525	229	390	2214
YMR217W	AAB99363	0.008		24.378	36.6	213	405	525	11	192	259
YMR217W	AAB98496	0.030		25.926	34.3	76	193	525	65	195	198
YMR217W	AAB99356	0.15		37.288	32.3	227	285	525	7	64	235
YMR217W	AAB98978	0.45		24.528	31.2	205	293	525	145	248	411
YMR217W	AAB98586	0.65		34.066	30.4	248	330	525	21	108	240
YMR217W	YGR210C	1.1		26.263	30.0	235	328	525	205	296	411
YMR217W	YOR361C	4.7		36.111	28.1	21	56	525	463	498	763
YMR217W	YGR157W	5.1		31.884	28.1	167	229	525	516	584	869
YMR217W	AAB98156	6.0		32.075	27.7	289	341	525	8	56	573
YMR217W	AAB99029	6.0		25.333	27.7	136	210	525	96	162	388
YMR217W	AAB99602	6.4		28.302	27.3	271	323	525	182	234	249
YMR217W	AAB98183	6.6		29.630	25.4	152	178	525	39	65	65
YMR217W	YKR076W	6.8		22.613	27.3	120	311	525	111	277	370
YMR217W	AAB98046	7.7		28.571	27.3	226	302	525	258	332	480
YNR033W	YMR217W	3.57e-06	31.356	48.5	106	223	787	83	192	525
YOR303W	YMR217W	1.14e-04	23.810	42.4	197	352	411	27	179	525
YOR361C	YMR217W	6.7		36.111	28.1	463	498	763	21	56	525
